10 10
1745300840 931213106 603030932 862943059 681580138 1134369924 1662877075 413779344 2086098932 1508649062 
1710361874 1017150781 455020261 352517934 1299283796 393379464 150113021 1120146291 870111442 1001350743 
933172844 1230671819 999887571 527846111 954035188 921920175 1912485540 647130966 1511269821 289924731 
1579856501 363479232 336989877 1619249042 1426121168 977800678 1530126497 348646047 1301963702 1799949414 
1437046981 413545718 744257624 3562723 1616391468 2039363864 1611808879 1028972636 248974485 2137057621 
1202018360 687067291 2145743610 241275532 1306191888 298790340 577125566 1553760526 1518527655 895103757 
1476493938 2042614177 1600706788 949429388 629794628 610865312 380711765 1105520683 1107829764 1781688640 
1304670545 1124072377 1792014548 2054440685 1527980461 1736145435 1305104236 1255959251 2140952855 1984954784 
1708324871 919181176 1383715346 132738418 608504558 1726682246 1661407886 309949479 892835999 940928167 
744919331 56909175 1511846554 850519945 1299084266 1065230601 1930524359 1036280321 1034691320 1067540582 
