10 10
1723274395 253915625 138368895 567212642 1256086989 1971876779 1049797422 1580731023 687592071 462973693 
1968312669 193049388 30130088 18707509 239967567 1165935719 1988535536 539455978 96402301 63032102 
1591344271 1786117810 148821294 1219218846 36811079 144800006 727966639 7929605 2108329280 1612032834 
1141261616 677362783 1895861096 1265086921 959251771 2039039093 785421700 340320582 689009361 728808677 
640932056 1903333133 327384611 1546401362 498301807 1635958175 280229866 208437691 477502472 738185036 
1000156259 331073770 183838365 1404666099 1836053483 1154481155 1461626769 1939836645 426963762 549799484 
958982005 1963623912 1067672863 1004919723 2032646519 175727191 1002596416 308777530 910689895 1544470375 
2079287788 1281152952 1175764583 1036155012 1830807800 1428010762 753990447 2120793818 240019986 80133759 
1000717562 1753072879 2025723837 758561089 1562266641 842351213 969811945 2085703142 299165938 62861822 
1227866414 1515959334 1151472925 354896720 1048754597 237622184 1094409850 2127223608 789129571 1285897717 
